0.05698722035981
0.10422610555486
0.13611759986659
0.13839969190073
0.15121194174983
0.17264937457136
0.18140019412200
0.19498053326665
0.20405542167848
0.21865856504230
0.22162611005366
0.23428751404861
0.23837401751443
0.25175338471287
0.26427236847134
0.29246370402598
0.32587935036704
0.33649402175107
0.34718741981504
0.37097745302973
0.37587427210279
0.38065287309578
0.38476655493060
0.39811175837557
0.40424358232248
0.40652755192888
0.43665454464626
0.43808920413425
0.44180639594823
0.44767941204363
0.44866348294868
0.45647478802949
0.46401329745928
0.47783018142415
0.48508168639575
0.48638303195946
0.48675305397237
0.49517725959804
0.51067098077497
0.51463803579602
0.51799703359949
0.51873964164646
0.52466042554143
0.52955604460291
0.54373281570655
0.55327856632323
0.55431269452656
0.56227624036589
0.56329793826281
0.57475765650974
0.57745512492871
0.57828489781825
0.58230856199330
0.58683032745725
0.58937529199754
0.59462499245483
0.59530137560365
0.59781414163083
0.60161650839090
0.61063718593112
0.61227360982318
0.61351769920005
0.61363026080114
0.62297088580082
0.62775058865440
0.63153731026696
0.63295891798459
0.66179727323712
0.66187820213529
0.66307106374187
0.66307993435788
0.66577502901235
0.67074239741989
0.68813857324839
0.68869594558936
0.69379404399298
0.69411220697273
0.69973439584774
0.70075464053565
0.70113478597987
0.70164901755284
0.71326537015369
0.71327533314238
0.71535361473373
0.71935244369180
0.72167040248066
0.72342778508398
0.72427195861228
0.73284868493990
0.73505184645419
0.74355237852042
0.75258910533456
0.75562537159470
0.76260978997309
0.76347190135705
0.77215049644549
0.77478660838437
0.78206603837300
0.78850054039439
0.78962026518581
0.79058257518236
0.79162041592250
0.80757237065453
0.81156281886121
0.81369290577979
0.82824425855320
0.82856366963947
0.82872975998789
0.83486432312603
0.83762046447207
0.84450190432422
0.84762239846206
0.85180909788500
0.85262138367114
0.85635051716428
0.85656462435604
0.85839815820847
0.85924184005465
0.86353317408273
0.86504466611767
0.87152768507722
0.87357481234618
0.87636244418267
0.87877008865746
0.89289327930190
0.89478221091466
0.89720010042766
0.90361650717856
0.90362859635722
0.90658511467236
0.90854030862840
0.90984928960955
0.91485595388029
0.91820505972801
0.91944346493820
0.92562384275916
0.92568536002594
0.92632080616662
0.92634255483874
0.92895089581759
0.92896432841330
0.92942638993088
0.93466913158854
0.94989831134107
0.95226370098549
0.95239926529222
0.95405417523572
0.95469581676795
0.95802575537739
0.95815766168857
0.96045266281276
0.96224441853198
0.96515150049461
0.96523700578668
0.97001479879514
0.97311889214304
0.97563165007349
0.97608502036777
0.97672509152124
0.97727292334367
0.99460989881289
0.99968242060886
1.00012760667686
1.00830798795850
1.01678035875920
1.01992231804054
1.03060634721251
1.03262626860905
1.03880666052485
1.03935209252281
1.04132993227734
1.04579016735330
1.04642768076216
1.04802438413066
1.05260011214337
1.05376661290600
1.07050241593341
1.07085295726413
1.07153884036067
1.08662840587222
1.08793103301311
1.08942697275856
1.09618424556364
1.09835689534062
1.09963900352019
1.10113334995266
1.10537357439290
1.11005129368024
1.11260998509272
1.12030413086699
1.12344237564657
1.12932760954279
1.13411344299374
1.13542827627731
1.13847730180607
1.13852286789095
1.14345425437908
1.15262682025014
1.15638427174888
1.15861491665545
1.15885213794936
1.16162081622007
1.16200363113758
1.16590063524749
1.17586858720495
1.17738160893016
1.17887921904498
1.17891598641891
1.18479601647910
1.18934315345968
1.19595710291579
1.20674145464197
1.21082795552393
1.22076006839755
1.22144611655634
1.22175580660637
1.22823730386529
1.23693186551826
1.23786962851385
1.24047812842721
1.24051975322560
1.24067165217639
1.24287988886244
1.24380387083417
1.24694948233464
1.25011585095991
1.25331316674384
1.25437079663329
1.25696457073517
1.25923296938607
1.26241239889643
1.26368694764306
1.26519010686419
1.26769202418842
1.27051057105084
1.27864854219602
1.28081863935706
1.28356679406780
1.28427256442216
1.28705052780050
1.29014873984730
1.29152955101898
1.29773866790044
1.29985563439599
1.31080773120084
1.31097136232046
1.31221579331496
1.31382192624272
1.31539323205643
1.31613863771335
1.31637645464111
1.32877535834949
1.33014831187961
1.33580117746121
1.34240621753522
1.34518810237366
1.35606213517460
1.35726880129589
1.35805392127031
1.35899779449773
1.36030133099922
1.36478014724461
1.36930726899876
1.37617126454072
1.37809633001162
1.39474844584858
1.40135509128722
1.40802397609124
1.41263604540029
1.41560497951936
1.41605232473499
1.41690838392973
1.42575185813152
1.42639513882949
1.43261753743813
1.43585782803281
1.43655413697394
1.44086268202138
1.44575287218673
1.45689409670534
1.46104188214859
1.46165936983120
1.46970393579651
1.47276420156624
1.48229415935199
1.48642556098956
1.49077620514406
1.49127355564933
1.49302620048205
1.49985291056788
1.50347979193953
1.50733376296608
1.50877561777112
1.51687537215162
1.52049575825451
1.52283353611539
1.52285451529504
1.52645388620307
1.52784860357841
1.53040288524496
1.53237854217937
1.55069451979103
1.55296125854577
1.55419090803704
1.55957218234739
1.56603108713889
1.56800369635119
1.57368558183924
1.57543808422850
1.57879783742489
1.58309019987302
1.58416158006128
1.58503456514993
1.59203086107112
1.60414278726725
1.61026808898220
1.61576778306285
1.61611929121268
1.62094946044268
1.63032680157073
1.63443112004687
1.63530665005523
1.63823684490055
1.64187198593209
1.65136262936580
1.65309398320707
1.65971094836068
1.66311391041032
1.66315731056797
1.66396585214162
1.67237149184547
1.67580002570629
1.68856814340436
1.69001495721824
1.69176909156013
1.69705276777282
1.69733252673911
1.69916474291794
1.69963852099927
1.69982270490667
1.70400818005382
1.70473005167128
1.71262490160129
1.72688773627824
1.72972916649086
1.73044581153801
1.73140003493608
1.73726649185830
1.73799525505381
1.74112778744001
1.74229886518918
1.74533901844267
1.74557718948661
1.74827957961321
1.75175753730285
1.75512189985597
1.75711640437139
1.78149620983166
1.78168595484793
1.78399713776505
1.78856701070151
1.79112864442006
1.79638139485487
1.79969649526766
1.80408980316822
1.80443462847401
1.80557938916589
1.80725297303383
1.80781017967786
1.80807404462288
1.81723912051393
1.82471441910795
1.82598774067471
1.82743512624174
1.82877522699574
1.82990687265075
1.83342679008301
1.83995405902496
1.84181288270458
1.84225872495151
1.84262734657650
1.85403320730973
1.85682546754348
1.85741688175772
1.86586918105322
1.86699959645522
1.86769721146586
1.87834441200359
1.88314790964076
1.89019740108868
1.90047634238237
1.90128870696657
1.90319009983401
1.90842670305469
1.90998039887989
1.91352038089271
1.91772886169061
1.91927102457791
1.94393288809923
1.95777970181136
1.97429510759140
1.98156924427246
1.98513135604486
1.98909616078121
1.98914584208972
2.00345154457096
2.00357892440266
2.00616044681010
2.01145260644299
2.01995150839232
2.02249671583131
2.02917989151551
2.03713111257039
2.03803649312450
2.03881688833326
2.03928258301106
2.04726199730264
2.04785154688887
2.05152201817706
2.05368629755824
2.05448034830237
2.05665020954768
2.06031874737115
2.06099196348809
2.06680985561132
2.06733862071119
2.07157977936484
2.07371217167460
2.08207645442824
2.08448511757791
2.09388530445488
2.09390506337566
2.09532713898751
2.09963163043791
2.10943104615869
2.11265058416903
2.11854278335532
2.12739211922339
2.13954093100626
2.14147070121875
2.14205672182587
2.14295963671932
2.14397220027071
2.14749966802162
2.14977261314628
2.16158618532418
2.16823217168175
2.17157444439278
2.17211593823935
2.17402894851667
2.17409635411264
2.18315633430916
2.18607100821391
2.18826437254748
2.19586065259005
2.20313425368798
2.20334613791295
2.20613395209754
2.20755661797004
2.21185702062063
2.21851318009372
2.22276094236027
2.23585364744634
2.23608557712690
2.24336947458323
2.24422223234840
2.24522391366019
2.25715429419069
2.25789139216926
2.26150502958839
2.26483461408374
2.28450178965547
2.28644727911992
2.30042090507788
2.31439242915395
2.32212933021218
2.32652341485566
2.33180841151997
2.33986460244522
2.34563164013121
2.35146735710649
2.35497544150793
2.36527410161229
2.36584525518642
2.36781129897484
2.38583082493545
2.38600797043281
2.38616819627859
2.38673316542564
2.38941374037883
2.39178773253277
2.39272010590516
2.41754336380545
2.42133641839265
2.42237114117794
2.42353166280611
2.43077803694087
2.43583555949669
2.44393942508057
2.44466380614238
2.44477237720602
2.44821918249560
2.44828452935727
2.45839856688642
2.46573662366785
2.47684965523957
2.48086771488486
2.48094302821584
2.48772744173788
2.50962507606505
2.52253338455550
2.53237377922037
2.53662927636917
2.53744775281623
2.53846399783609
2.54406770743510
2.55420107684405
2.55663559463995
2.55681318030813
2.57031391311813
2.57485508313034
2.57595240832317
2.57607127414388
2.57691109024059
2.58132496527454
2.58472061809936
2.59254666830917
2.60445672724460
2.60922701362437
2.61451504060789
2.63022105840892
2.63120934160675
2.63136287534293
2.64449114141461
2.64823509405856
2.65370873409459
2.66286618083084
2.66303042254265
2.67167314461471
2.67950508223687
2.68488147315567
2.68695995525637
2.68855019525518
2.70243517759869
2.71746551246114
2.71963940533874
2.72078273433887
2.75816689099631
2.78572770933351
2.79507242690835
2.79693193225335
2.81602503072943
2.82562125494554
2.82949691968786
2.84970957356311
2.89491135386097
2.92970352883283
2.93125719011204
2.93260042929442
2.95500548765632
2.95621868625775
2.96112877931488
2.96285711231344
2.96884269101900
2.96931314260982
2.97277754733622
2.98533826516812
2.99558190670328
2.99574227664604
3.01569205861869
3.04904599431118
3.05204158975047
3.05236614185600
3.06594975909750
3.06624348406068
3.06629436676152
3.09018923395415
3.09468567209524
3.10327550808698
3.19147290721647
3.19327585256795
3.20826355607947
3.27892135887699
3.30720531226000
3.32276808482330
3.34466397035403
3.38711827577974
3.40025598758844
3.42060820611874
3.47361487539284
3.53590115092658
3.55450313559296
3.56166262069500
3.56937868232726
3.65238275529151
3.73686578144995
3.85891273145082
3.89717512650935
3.90453502925879
4.31123062716050
96.37558477614726
96.38457341660012
96.41784625495444
96.46157531078703
96.72009688625565
96.85205907938440
97.16815387038707
97.35631469651500
97.40585634959152
97.51200077152838
97.55620203334789
97.72335436638733
97.73099140204576
97.75997771752503
97.77529955369226
97.78633462683200
97.90468263039998
97.90637506133722
98.01687231506720
98.03148869903822
98.03898021672670
98.06750450481354
98.08198641150132
98.08908246739857
98.08987310240146
98.09198646536737
98.09735488111104
98.10557409633293
98.11458544691008
98.11965005782326
98.12473820049884
98.12835440406977
98.14792640882649
98.14918668799274
98.16282980813341
98.19187181042730
98.19296195215875
98.22878158606235
98.23661599646533
98.26622690541986
98.29508808328529
98.31947858663435
98.36978086613398
98.38478587885001
98.39435471036198
98.40209391443175
98.40634561273507
98.42095931054835
98.42917315495302
98.43140265368748
98.43884619515609
98.44758082523698
98.44823352788097
98.45054129782520
98.45903829145776
98.45998632998918
98.48004431862940
98.48542799211191
98.49281900518500
98.49369746401212
98.50034169104788
98.50411186622759
98.52042759216515
98.52102364220190
98.52958710956779
98.54420069583183
98.54992285242423
98.55287879849286
98.55861025892078
98.56194537077849
98.58215583647507
98.59092387962748
98.59539554806248
98.60419658306857
98.61077491398231
98.61931536000958
98.62340769445105
98.63069714237569
98.63427320161426
98.63687014379269
98.65116316726230
98.67809808053879
98.68905040137865
98.69155218188970
98.69940482943544
98.72470327254221
98.73454087764053
98.73595126532925
98.76954542792845
98.77336293684597
98.81094824241002
98.81441402853967
98.81845927415442
98.84459107265670
98.86025038903226
98.86448723433607
98.86494945395043
98.86830013426049
98.87068480280122
98.87543223128363
98.87988683783547
98.88264401442638
98.89352315401366
98.89831909907480
98.89859224544807
98.91295160090161
98.91383023674534
98.91404281826692
98.93018341652457
98.93236723228810
98.93480223786095
98.93500344779861
98.93797179889481
98.94248703823686
98.95375727447741
98.96018919610025
98.97098422733576
98.98378873605321
98.98500616648498
98.98574612314628
98.99301094051538
98.99532649581845
99.00137942972800
99.00556300137153
99.01128135658323
99.02488188021064
99.02968281544837
99.03242959597580
99.03268148237656
99.06834942237278
99.07092473166530
99.08499354809270
99.08672276645443
99.08866978975198
99.09671148839826
99.10006611634859
99.10401575075657
99.10507401157005
99.11760625467056
99.13620248678710
99.13635693502458
99.13855485015343
99.14729278775943
99.14961344514559
99.16898998208904
99.17194410965995
99.17601042139576
99.17976525980174
99.18135063184259
99.20134452070066
99.20679323940679
99.22016156024596
99.22200972517513
99.22249244085795
99.22263061013668
99.22920690979470
99.23197627947997
99.23433305877074
99.23800959070620
99.24243435173510
99.26307832964153
99.26398549469808
99.26997281894957
99.27085729613940
99.27453723491402
99.28601836445752
99.30029021253888
99.31023051848270
99.31367444053491
99.32636801415487
99.32839819999388
99.33197553091473
99.33987436977486
99.34821175472062
99.36116488242351
99.38338386593540
99.38632745730855
99.39785042390420
99.39945287394981
99.40381208007265
99.40567366971248
99.40570687425077
99.41710553893267
99.41712826954333
99.43461858099795
99.45738042990875
99.46297285258618
99.46358994052785
99.46635849284887
99.47304002848328
99.47665150450659
99.48142228185240
99.48872011375467
99.50559227719252
99.51432115899524
99.53120607953171
99.53460942576413
99.53766964798463
99.54300515720060
99.54453738715976
99.56157302544766
99.56558700781019
99.56641627748353
99.56645191435237
99.56762722819079
99.56808530289752
99.57002844423829
99.57365651184205
99.57439239038027
99.57544114341688
99.58329149796097
99.59473658913801
99.59935992563575
99.60679942156767
99.60818216221757
99.60882179752171
99.60886462493977
99.61038679777823
99.61061148079069
99.61376578337969
99.62118861806354
99.62153674706009
99.63138136528534
99.63487918496378
99.63665910202424
99.64464041626073
99.65115818194033
99.65287931773447
99.66505229724983
99.67593766680017
99.67658053092407
99.69469023746548
99.71438185986914
99.72518251205045
99.73188497988350
99.73258578694792
99.73341267736133
99.74065995176655
99.74558416748863
99.76382697932877
99.77279450023670
99.77728308602428
99.78018918198457
99.79185962811704
99.79443225163745
99.80247355925742
99.80751759244792
99.81886519374510
99.83031750118248
99.83421239802166
99.83752510456124
99.85494250750831
99.85617499557654
99.85785169662674
99.86125561662833
99.87037042837578
99.88383659232780
99.90464673082369
99.90528740995188
99.91011624799204
99.91156625389951
99.92893662973611
99.93296096793307
99.93908512454924
99.93981046205498
99.94089881366300
99.94185588199670
99.94448980525223
99.96493351404453
99.96506119712946
99.96526220325120
99.96545672025984
99.98990717960460
99.99187059444601
99.99735713029672
100.00029322881858
100.00286139726583
100.00809324560446
100.00992911921507
100.01373700631818
100.02069183143770
100.04306065416726
100.04425058183217
100.04507617294128
100.04716731263113
100.04979478329420
100.05759583355707
100.07125065637231
100.07576427386249
100.07584150644460
100.09009887233644
100.10007051717471
100.10529302201499
100.10832004742923
100.11123326055818
100.11349521875094
100.12250416938215
100.12307340065121
100.12556779114381
100.12954157797613
100.13422814296206
100.13514405128953
100.13713820544119
100.15999722780343
100.16153145963594
100.16332000712838
100.16530323131066
100.17379641596993
100.17781864030427
100.17809434430932
100.18062870866400
100.18519538479244
100.20348878194322
100.21180337069676
100.21658929710283
100.24399153830429
100.24448392955433
100.25375900642456
100.26166732460446
100.26614855401321
100.26736561882352
100.27384878655101
100.27891714743532
100.28155814746926
100.28796061135733
100.29142320470470
100.29150818705735
100.29575188249780
100.30427085351612
100.30702697314153
100.30900941087748
100.31618492013699
100.32034334004611
100.32086866512732
100.32123098530563
100.32134283411547
100.32139869450437
100.32201917978551
100.34246867311582
100.35376973564017
100.35498296853189
100.35862231557373
100.35926175946129
100.36566553099848
100.36741949269000
100.37565999972848
100.37937514802401
100.38217067282311
100.39899063461877
100.40194518738039
100.40212224970966
100.40479476246439
100.42874785186333
100.44101282923393
100.44205182300968
100.44739016361630
100.44794818492053
100.44982935395700
100.45175223670326
100.45232715667500
100.45246574183206
100.46437434784868
100.47302315051419
100.47984797031341
100.48366794814568
100.48576550443657
100.49745663712280
100.50119419874584
100.51279236137979
100.51364524962705
100.51554957673156
100.51662759998658
100.53394643940163
100.53593877557343
100.53903366455843
100.54764932914597
100.54838741143820
100.54880356256285
100.55207040594780
100.55688800779446
100.56559565058993
100.57483368180887
100.58639384464662
100.59446865927825
100.59513295455847
100.59722960073488
100.59742854078627
100.59896506523781
100.61315474192328
100.61724409124309
100.61918487173315
100.62209376651234
100.62236505352503
100.62410710081674
100.62460988498654
100.62815944252999
100.64216226097662
100.64684037498550
100.65073319117353
100.65083497096535
100.65748207092734
100.66499423021051
100.66519096987956
100.66723154466557
100.66900288204717
100.67604415356459
100.67810793189851
100.68071246805876
100.68199576097700
100.68218695616865
100.68569218847099
100.69021009436652
100.69261237868564
100.69600359312345
100.70347214585875
100.71420178355791
100.71515936881012
100.71597405989328
100.71923064075888
100.72475495292426
100.73530254362957
100.74675392591089
100.75565190354779
100.76055317526684
100.77399374232778
100.77925859868093
100.78453683838593
100.79069964977472
100.79935597231847
100.80269380651998
100.81032375770336
100.82421193633191
100.82852031917695
100.83860796246178
100.83876591211222
100.83893466808473
100.84622255705230
100.84722086602261
100.84817547166352
100.85344279594683
100.86828076960471
100.87622267091795
100.87944873163363
100.88492788149858
100.89373943760110
100.90362838295560
100.90441481731581
100.91071832688708
100.92420735542488
100.93233211326782
100.93751302211824
100.94218780105123
100.94790878739697
100.95549856895991
100.96539272980064
100.96659811458424
100.97245089941279
100.97676025387227
100.98629130923094
100.98852365270530
100.99324812418020
100.99870382686240
101.00614031844374
101.01477842546926
101.01485453258138
101.02132572372651
101.02398758680995
101.03416506851221
101.03688856835095
101.03936037072123
101.04401632153829
101.04581485920762
101.04597208543159
101.04621038444715
101.05566686852430
101.05742899261791
101.06184861031718
101.06876660149526
101.07191465682351
101.07372182730320
101.07493837847669
101.08035581932246
101.08117600215981
101.08627470384826
101.09583840308711
101.09766108184957
101.12313420738747
101.12848196187048
101.14773162597778
101.14903944271586
101.15629874914460
101.15690149038807
101.17249548169183
101.17753730500381
101.19783002221844
101.20318754495520
101.20329600222070
101.20557031503148
101.21248074780081
101.21530180267759
101.21654527401979
101.22475022105884
101.22641780874012
101.22826623375957
101.23678714192896
101.25041174355695
101.26075193031070
101.26081137808049
101.27719469910541
101.28293828428201
101.30254156807163
101.31007557077137
101.31590573719508
101.31594913579272
101.31645565077535
101.31784884644044
101.32997197728805
101.33760035750312
101.34156708863190
101.34242958514417
101.34532311912311
101.35346478376536
101.35569486898476
101.38043991823476
101.38160173797210
101.38322104812012
101.41646965632145
101.42255219096107
101.44049721587416
101.44158785000390
101.45360688792401
101.45848210975763
101.45911962018096
101.45942941833246
101.46072698043693
101.46186397261256
101.48175709189539
101.48273710168438
101.48339276334421
101.48473925009831
101.49827793633941
101.49903959724749
101.51879412291990
101.52574850925251
101.52611757714445
101.53159119699990
101.55722294129670
101.56107499020706
101.57595281171737
101.58268762154295
101.59534565936886
101.59734298595596
101.60414890693936
101.61023078838772
101.62264348389512
101.62905877397345
101.63501883163146
101.63885772030591
101.66720013726935
101.67937995391877
101.67985131264753
101.68619784165237
101.69896753781074
101.70039317483783
101.70099230118448
101.70455454118220
101.71548100137365
101.73907179810507
101.74554850479785
101.74593932904843
101.76677652331992
101.76860076014410
101.77132967318607
101.80852085730332
101.81043325433951
101.81385117139067
101.81480205331484
101.83518478720357
101.85775024420809
101.86231496860695
101.86353491753296
101.86921333603013
101.89713124797275
101.92512056789788
101.96469584947253
101.99084248242599
101.99556248731123
102.00983001699457
102.02859567075905
102.03581616069940
102.10020549229320
102.12501677666891
102.13727844068757
102.13916486340474
102.15341100180528
102.15356873411169
102.17524366564419
102.17609544875545
102.17694927596901
102.22964153605008
102.24493157705527
102.27385333856026
102.33166320815474
102.34838545334630
102.35125690924069
102.40423335402724
102.47636512389545
102.49267979137031
102.52766920061570
102.61903215939336
102.63749888799639
102.67327842921384
102.70795028029262
102.72267349931332
102.74854424591457
102.78743173692743
102.82959734610721
102.84262897783650
102.85010836584516
102.85412533462052
102.88819280576098
102.88873696295485
102.88966245648902
103.48804939552284
103.55566648780335
